============================================================
RULA_A 참조 테이블
============================================================
상완 | 전완 | 손목 | 비틀림 | 점수A
1 | 1 | 1 | 1 | 1
1 | 1 | 1 | 2 | 2
1 | 1 | 2 | 1 | 2
1 | 1 | 2 | 2 | 2
1 | 1 | 3 | 1 | 2
1 | 1 | 3 | 2 | 3
1 | 1 | 4 | 1 | 3
1 | 1 | 4 | 2 | 3

============================================================
REBA_A 참조 테이블
============================================================
몸통 | 목 | 다리 | 점수A
1 | 1 | 1 | 1
1 | 2 | 1 | 1
2 | 1 | 1 | 2
1 | 1 | 2 | 2
3 | 1 | 1 | 2
1 | 2 | 2 | 2
4 | 1 | 1 | 3
2 | 1 | 2 | 3